(Symbol ma1);
($Id: ma1,v 1.1 2004/09/21 17:59:30 stevew Exp $);
(xic 2.2.8 05/05/98 02:23);
(PHYSICAL);
(RESOLUTION 1000);
9 ma1;
DS 0 1 1;
DF;
E
(ELECTRICAL);
(RESOLUTION 1000);
5 10 1 5 20000 -1000 Vout+ -10000 0 0 ?;
5 10 4 4 20000 9000 Vout- -20000 0 0 ?;
5 10 10 3 -24000 0 Vin+ -30000 0 0 ?;
5 10 6 2 -24000 4000 Vin- -40000 0 0 ?;
5 10 2 1 -16000 -11000 Vee -50000 0 0 ?;
5 10 5 0 -20000 21000 Vcc -60000 0 0 ?;
5 11 X 0 subckt;
9 ma1;
DS 0 1 1;
(SymbolCall nmos);
5 10 5 0 -16000 16000 M1d -10000 50000 0 ?;
5 10 5 1 -20000 14000 M1g -20000 50000 0 ?;
5 10 8 2 -16000 12000 M1s -30000 50000 0 ?;
5 1 m1;
5 3 w=44.5u  l=25.4u;
5 11 M 1;
1 Bound -20000 12000 -16000 16000;
9 nmos;
C 0 R 1 0 T -20000 9000;
(SymbolCall nmos);
5 10 5 0 -4000 16000 M0d -40000 50000 0 ?;
5 10 5 1 -8000 14000 M0g -50000 50000 0 ?;
5 10 7 2 -4000 12000 M0s -60000 50000 0 ?;
5 1 m1;
5 3 w=88.9u  l=25.4u;
5 11 M 0;
1 Bound -8000 12000 -4000 16000;
9 nmos;
C 0 R 1 0 T -8000 9000;
(SymbolCall nmos);
5 10 8 0 -16000 6000 M3d -10000 40000 0 ?;
5 10 6 1 -20000 4000 M3g -20000 40000 0 ?;
5 10 9 2 -16000 2000 M3s -30000 40000 0 ?;
5 1 m1;
5 3 w=482.6u l=12.7u;
5 11 M 3;
1 Bound -20000 2000 -16000 6000;
9 nmos;
C 0 R 1 0 T -20000 -1000;
(SymbolCall nmos);
5 10 7 0 -4000 6000 M2d -40000 40000 0 ?;
5 10 7 1 -8000 4000 M2g -50000 40000 0 ?;
5 10 3 2 -4000 2000 M2s -60000 40000 0 ?;
5 1 m1;
5 3 w=12.7u  l=266.7u;
5 11 M 2;
1 Bound -8000 2000 -4000 6000;
9 nmos;
C 0 R 1 0 T -8000 -1000;
(SymbolCall nmos);
5 10 5 0 6000 16000 M5d -10000 30000 0 ?;
5 10 8 1 2000 14000 M5g -20000 30000 0 ?;
5 10 1 2 6000 12000 M5s -30000 30000 0 ?;
5 1 m1;
5 3 w=12.7u  l=106.7u;
5 11 M 5;
1 Bound 2000 12000 6000 16000;
9 nmos;
C 0 R 1 0 T 2000 9000;
(SymbolCall nmos);
5 10 5 0 16000 16000 M4d -40000 30000 0 ?;
5 10 5 1 12000 14000 M4g -50000 30000 0 ?;
5 10 4 2 16000 12000 M4s -60000 30000 0 ?;
5 3 w=44.5u  l=25.4u;
5 1 m1;
5 11 M 4;
1 Bound 12000 12000 16000 16000;
9 nmos;
C 0 R 1 0 T 12000 9000;
(SymbolCall nmos);
5 10 4 0 16000 6000 M6d -10000 20000 0 ?;
5 10 10 1 12000 4000 M6g -20000 20000 0 ?;
5 10 9 2 16000 2000 M6s -30000 20000 0 ?;
5 1 m1;
5 3 w=482.6u l=12.7u;
5 11 M 6;
1 Bound 12000 2000 16000 6000;
9 nmos;
C 0 R 1 0 T 12000 -1000;
(SymbolCall nmos);
5 10 9 0 -16000 -4000 M8d -40000 20000 0 ?;
5 10 3 1 -20000 -6000 M8g -50000 20000 0 ?;
5 10 2 2 -16000 -8000 M8s -60000 20000 0 ?;
5 1 m1;
5 3 w=88.9u  l=25.4u;
5 11 M 8;
1 Bound -20000 -8000 -16000 -4000;
9 nmos;
C 0 R 1 0 T -20000 -11000;
(SymbolCall nmos);
5 10 3 0 -4000 -4000 M7d -10000 10000 0 ?;
5 10 3 1 -8000 -6000 M7g -20000 10000 0 ?;
5 10 2 2 -4000 -8000 M7s -30000 10000 0 ?;
5 1 m1;
5 3 w=88.9u  l=25.4u;
5 11 M 7;
1 Bound -8000 -8000 -4000 -4000;
9 nmos;
C 0 R 1 0 T -8000 -11000;
(SymbolCall nmos);
5 10 1 0 6000 -4000 M9d -40000 10000 0 ?;
5 10 1 1 2000 -6000 M9g -50000 10000 0 ?;
5 10 2 2 6000 -8000 M9s -60000 10000 0 ?;
5 1 m1;
5 3 w=88.9u  l=12.7u;
5 11 M 9;
1 Bound 2000 -8000 6000 -4000;
9 nmos;
C 0 R 1 0 T 2000 -11000;
L SCED;
5 10 5 0 0 0;
W 0 -20000 14000 -20000 21000 -16000 21000 -8000 21000 -4000 21000 6000 21000
  12000 21000 16000 21000 16000 16000;
5 10 8 0 0 0;
W 0 -16000 11000 2000 11000 2000 14000;
5 10 1 0 0 0;
W 0 6000 12000 6000 -1000 6000 -4000;
5 10 10 0 0 0;
W 0 -24000 0 -2000 0 -2000 2000 4000 2000 4000 4000 12000 4000;
5 10 9 0 0 0;
W 0 -16000 2000 -16000 -2000 -16000 -4000;
5 10 3 0 0 0;
W 0 -4000 -4000 -4000 -1000 -4000 2000;
5 10 9 0 0 0;
W 0 -16000 -2000 0 -2000 0 1000 16000 1000 16000 2000;
5 10 2 0 0 0;
W 0 -16000 -8000 -16000 -11000 -4000 -11000 6000 -11000 6000 -8000;
5 10 5 0 0 0;
W 0 -16000 21000 -16000 16000;
5 10 5 0 0 0;
W 0 -4000 16000 -4000 21000;
5 10 5 0 0 0;
W 0 -8000 14000 -8000 21000;
5 10 8 0 0 0;
W 0 -16000 12000 -16000 11000 -16000 6000;
5 10 7 0 0 0;
W 0 -4000 6000 -4000 9000 -4000 12000;
5 10 7 0 0 0;
W 0 -8000 4000 -8000 9000 -4000 9000;
5 10 6 0 0 0;
W 0 -24000 4000 -20000 4000;
5 10 5 0 0 0;
W 0 6000 16000 6000 21000;
5 10 5 0 0 0;
W 0 12000 14000 12000 21000;
5 10 4 0 0 0;
W 0 16000 6000 16000 9000 16000 12000;
5 10 4 0 0 0;
W 0 16000 9000 20000 9000;
5 10 3 0 0 0;
W 0 -8000 -6000 -8000 -1000;
5 10 3 0 0 0;
W 0 -20000 -6000 -20000 -1000 -8000 -1000 -4000 -1000;
5 10 2 0 0 0;
W 0 -4000 -8000 -4000 -11000;
5 10 1 0 0 0;
W 0 2000 -6000 2000 -1000 6000 -1000 20000 -1000;
L NAME;
5 16 M 1 11;
94 <<M1>> -19650 16350 0 1400 1400;
5 16 M 0 11;
94 <<M0>> -7650 16350 0 1700 1400;
5 16 M 3 11;
94 <<M3>> -19650 6350 0 1700 1400;
5 16 M 2 11;
94 <<M2>> -7650 6350 0 1700 1400;
5 16 M 5 11;
94 <<M5>> 2350 16350 0 1700 1400;
5 16 M 4 11;
94 <<M4>> 12350 16350 0 1700 1400;
5 16 M 6 11;
94 <<M6>> 12350 6350 0 1700 1400;
5 16 M 8 11;
94 <<M8>> -19650 -3650 0 1700 1400;
5 16 M 7 11;
94 <<M7>> -7650 -3650 0 1700 1400;
5 16 M 9 11;
94 <<M9>> 2350 -3650 0 1700 1400;
L MODL;
5 16 M 0 1;
94 <<m1>> -3750 12250 0 1400 1400;
5 16 M 1 1;
94 <<m1>> -17750 10250 0 1400 1400;
5 16 M 3 1;
94 <<m1>> -15750 2250 0 1400 1400;
5 16 M 2 1;
94 <<m1>> -5750 250 0 1400 1400;
5 16 M 5 1;
94 <<m1>> 4250 10250 0 1400 1400;
5 16 M 4 1;
94 <<m1>> 14250 10250 0 1400 1400;
5 16 M 6 1;
94 <<m1>> 16250 2250 0 1400 1400;
5 16 M 7 1;
94 <<m1>> -3750 -7750 0 1400 1400;
5 16 M 8 1;
94 <<m1>> -15750 -7750 0 1400 1400;
5 16 M 9 1;
94 <<m1>> 4250 -9750 0 1400 1400;
L INIT;
5 16 M 0 3;
94 <<w=88.9u  l=25.4u>> -9650 17850 0 11100 1400;
5 16 M 2 3;
94 <<w=12.7u  l=266.7u>> -4650 5850 0 11600 1400;
5 16 M 3 3;
94 <<w=482.6u l=12.7u>> -22650 -150 0 10800 1400;
5 16 M 7 3;
94 <<w=88.9u  l=25.4u>> -9650 -10150 0 11100 1400;
5 16 M 1 3;
94 <<w=44.5u  l=25.4u>> -21650 8850 0 11100 1400;
5 16 M 4 3;
94 <<w=44.5u  l=25.4u>> 6350 17850 0 11900 1400;
5 16 M 5 3;
94 <<w=12.7u  l=106.7u>> 350 8850 0 11300 1400;
5 16 M 8 3;
94 <<w=88.9u  l=25.4u>> -21650 -10150 0 11100 1400;
5 16 M 6 3;
94 <<w=482.6u l=12.7u>> 8350 -3150 0 10800 1400;
5 16 M 9 3;
94 <<w=88.9u  l=12.7u>> 1350 -13150 0 10800 1400;
DF;
E
