(Symbol ma2);
($Id: ma2,v 1.1 2004/09/21 17:59:30 stevew Exp $);
(xic 2.2.8 05/05/98 02:22);
(PHYSICAL);
(RESOLUTION 1000);
5 7100 grid 1000 2;
9 ma2;
DS 0 1 1;
DF;
E
(ELECTRICAL);
(RESOLUTION 1000);
5 10 8 5 46000 -1000 _5 -20000 0 0 ?;
5 10 7 4 46000 4000 _4 -30000 0 0 ?;
5 10 3 3 -23000 -9000 _3 -40000 0 0 ?;
5 10 11 2 -23000 18000 _2 -50000 0 0 ?;
5 10 1 1 -16000 -15000 _1 -60000 0 0 ?;
5 10 10 0 -16000 29000 _0 -70000 0 0 ?;
5 11 X 0 subckt;
9 ma2;
DS 0 1 1;
(SymbolCall nmos);
5 10 5 0 22000 3000 M1d -50000 80000 0 ?;
5 10 5 1 18000 1000 M1g -60000 80000 0 ?;
5 10 2 2 22000 -1000 M1s -70000 80000 0 ?;
5 1 m1;
5 3 w=54.1u  l=12.7u;
5 11 M 1;
1 Bound 18000 -1000 22000 3000;
9 nmos;
C 0 R 1 0 T 18000 -4000;
(SymbolCall nmos);
5 10 6 0 4000 3000 M0d -10000 70000 0 ?;
5 10 13 1 0 1000 M0g -20000 70000 0 ?;
5 10 1 2 4000 -1000 M0s -30000 70000 0 ?;
5 3 w=270.5u l=12.7u;
5 1 m1;
5 11 M 0;
1 Bound 0 -1000 4000 3000;
9 nmos;
C 0 R 1 0 T 0 -4000;
(SymbolCall nmos);
5 10 10 0 -8000 20000 M3d -40000 70000 0 ?;
5 10 9 1 -4000 18000 M3g -50000 70000 0 ?;
5 10 12 2 -8000 16000 M3s -60000 70000 0 ?;
5 1 m1;
5 3 w=254u   l=12.7u;
5 11 M 3;
1 Bound -8000 16000 -4000 20000;
9 nmos;
C 0 R -1 0 MY T -4000 13000;
(SymbolCall nmos);
5 10 10 0 -16000 20000 M2d -70000 70000 0 ?;
5 10 11 1 -20000 18000 M2g -10000 60000 0 ?;
5 10 13 2 -16000 16000 M2s -20000 60000 0 ?;
5 3 w=12.7u  l=106.7u;
5 1 m1;
5 11 M 2;
1 Bound -20000 16000 -16000 20000;
9 nmos;
C 0 R 1 0 T -20000 13000;
(SymbolCall cap);
5 10 13 1 -3000 1000 C0- -30000 60000 0 ?;
5 10 14 0 -3000 11000 C0+ -40000 60000 0 ?;
5 15 -4000 9000 0 -1 <value>*deriv(<v>);
5 2 40p;
5 11 C 0;
1 Bound -5000 1000 -1000 11000;
9 cap;
C 0 R 1 0 T -3000 1000;
(SymbolCall nmos);
5 10 10 0 30000 26000 M4d -50000 60000 0 ?;
5 10 10 1 26000 24000 M4g -60000 60000 0 ?;
5 10 8 2 30000 22000 M4s -70000 60000 0 ?;
5 11 M 4;
5 3 w=38.1u  l=42.7u;
5 1 m1;
1 Bound 26000 22000 30000 26000;
9 nmos;
C 0 R 1 0 T 26000 19000;
(SymbolCall nmos);
5 10 10 0 4000 25000 M5d -10000 50000 0 ?;
5 10 10 1 0 23000 M5g -20000 50000 0 ?;
5 10 9 2 4000 21000 M5s -30000 50000 0 ?;
5 3 w=12.7u  l=45.2u;
5 1 m1;
5 11 M 5;
1 Bound 0 21000 4000 25000;
9 nmos;
C 0 R 1 0 T 0 18000;
(SymbolCall nmos);
5 10 10 0 37000 20000 M8d -40000 50000 0 ?;
5 10 8 1 33000 18000 M8g -50000 50000 0 ?;
5 10 4 2 37000 16000 M8s -60000 50000 0 ?;
5 1 m1;
5 3 w=19u    l=38.1u;
5 11 M 8;
1 Bound 33000 16000 37000 20000;
9 nmos;
C 0 R 1 0 T 33000 13000;
(SymbolCall nmos);
5 10 10 0 22000 20000 M7d -70000 50000 0 ?;
5 10 10 1 18000 18000 M7g -10000 40000 0 ?;
5 10 5 2 22000 16000 M7s -20000 40000 0 ?;
5 1 m1;
5 3 w=12.7u  l=207.8u;
5 11 M 7;
1 Bound 18000 16000 22000 20000;
9 nmos;
C 0 R 1 0 T 18000 13000;
(SymbolCall nmos);
5 10 10 0 14000 20000 M6d -30000 40000 0 ?;
5 10 9 1 10000 18000 M6g -40000 40000 0 ?;
5 10 14 2 14000 16000 M6s -50000 40000 0 ?;
5 1 m1;
5 3 w=139.7u l=12.7u;
5 11 M 6;
1 Bound 10000 16000 14000 20000;
9 nmos;
C 0 R 1 0 T 10000 13000;
(SymbolCall nmos);
5 10 8 0 40000 13000 M9d -60000 40000 0 ?;
5 10 10 1 44000 11000 M9g -70000 40000 0 ?;
5 10 7 2 40000 9000 M9s -10000 30000 0 ?;
5 3 w=22.9u  l=7.6u;
5 1 m1;
5 11 M 9;
1 Bound 40000 9000 44000 13000;
9 nmos;
C 0 R -1 0 MY T 44000 6000;
(SymbolCall nmos);
5 10 9 0 4000 12000 M10d -20000 30000 0 ?;
5 10 5 1 8000 10000 M10g -30000 30000 0 ?;
5 10 6 2 4000 8000 M10s -40000 30000 0 ?;
5 3 w=270.5u l=12.7u;
5 1 m1;
5 11 M 10;
1 Bound 4000 8000 8000 12000;
9 nmos;
C 0 R -1 0 MY T 8000 5000;
(SymbolCall nmos);
5 10 8 0 30000 6000 M11d -50000 30000 0 ?;
5 10 4 1 34000 4000 M11g -60000 30000 0 ?;
5 10 1 2 30000 2000 M11s -70000 30000 0 ?;
5 3 w=381u   l=25.4u;
5 1 m1;
5 11 M 11;
1 Bound 30000 2000 34000 6000;
9 nmos;
C 0 R -1 0 MY T 34000 -1000;
(SymbolCall nmos);
5 10 12 0 -8000 -7000 M13d -10000 20000 0 ?;
5 10 2 1 -4000 -9000 M13g -20000 20000 0 ?;
5 10 1 2 -8000 -11000 M13s -30000 20000 0 ?;
5 1 m1;
5 3 w=241.3u l=12.7u;
5 11 M 13;
1 Bound -8000 -11000 -4000 -7000;
9 nmos;
C 0 R -1 0 MY T -4000 -14000;
(SymbolCall nmos);
5 10 13 0 -16000 -7000 M12d -40000 20000 0 ?;
5 10 3 1 -20000 -9000 M12g -50000 20000 0 ?;
5 10 1 2 -16000 -11000 M12s -60000 20000 0 ?;
5 3 w=88.9u  l=12.7u;
5 1 m1;
5 11 M 12;
1 Bound -20000 -11000 -16000 -7000;
9 nmos;
C 0 R 1 0 T -20000 -14000;
(SymbolCall nmos);
5 10 4 0 37000 -7000 M16d -70000 20000 0 ?;
5 10 12 1 33000 -9000 M16g -10000 10000 0 ?;
5 10 1 2 37000 -11000 M16s -20000 10000 0 ?;
5 3 w=406.4u l=12.7u;
5 1 m1;
5 11 M 16;
1 Bound 33000 -11000 37000 -7000;
9 nmos;
C 0 R 1 0 T 33000 -14000;
(SymbolCall nmos);
5 10 2 0 22000 -7000 M15d -30000 10000 0 ?;
5 10 2 1 18000 -9000 M15g -40000 10000 0 ?;
5 10 1 2 22000 -11000 M15s -50000 10000 0 ?;
5 1 m1;
5 3 w=54.1u  l=12.7u;
5 11 M 15;
1 Bound 18000 -11000 22000 -7000;
9 nmos;
C 0 R 1 0 T 18000 -14000;
(SymbolCall nmos);
5 10 14 0 14000 -7000 M14d -60000 10000 0 ?;
5 10 2 1 10000 -9000 M14g -70000 10000 0 ?;
5 10 1 2 14000 -11000 M14s -10000 0 0 ?;
5 3 w=139.7u l=12.7u;
5 1 m1;
5 11 M 14;
1 Bound 10000 -11000 14000 -7000;
9 nmos;
C 0 R 1 0 T 10000 -14000;
L SCED;
5 10 10 0 0 0;
W 0 -16000 20000 -16000 29000 -8000 29000 0 29000 4000 29000 14000 29000
  14000 20000;
5 10 9 0 0 0;
W 0 -4000 18000 4000 18000 10000 18000;
5 10 13 0 0 0;
W 0 -16000 -7000 -16000 1000 -16000 16000;
5 10 12 0 0 0;
W 0 -8000 -7000 -8000 -3000 -8000 16000;
5 10 14 0 0 0;
W 0 14000 16000 14000 14000 14000 -7000;
5 10 4 0 0 0;
W 0 37000 16000 37000 4000 37000 -7000;
5 10 14 0 0 0;
W 0 14000 14000 -3000 14000 -3000 11000;
5 10 8 0 0 0;
W 0 30000 8000 38000 8000 38000 -1000 46000 -1000;
5 10 1 0 0 0;
W 0 30000 2000 30000 -15000;
5 10 13 0 0 0;
W 0 0 1000 -3000 1000 -16000 1000;
5 10 12 0 0 0;
W 0 -8000 -3000 33000 -3000 33000 -9000;
5 10 2 0 0 0;
W 0 18000 -4000 10000 -4000 10000 -9000 -4000 -9000;
5 10 1 0 0 0;
W 0 37000 -11000 37000 -15000 30000 -15000 22000 -15000 14000 -15000
  4000 -15000 -8000 -15000 -16000 -15000 -16000 -11000;
5 10 10 0 0 0;
W 0 -8000 20000 -8000 29000;
5 10 11 0 0 0;
W 0 -20000 18000 -23000 18000;
5 10 10 0 0 0;
W 0 4000 25000 4000 29000;
5 10 10 0 0 0;
W 0 0 23000 0 29000;
5 10 10 0 0 0;
W 0 18000 18000 18000 29000;
5 10 10 0 0 0;
W 0 22000 20000 22000 29000;
5 10 10 0 0 0;
W 0 26000 24000 26000 29000;
5 10 10 0 0 0;
W 0 30000 26000 30000 29000;
5 10 10 0 0 0;
W 0 14000 29000 18000 29000 22000 29000 26000 29000 30000 29000 37000 29000
  37000 20000;
5 10 10 0 0 0;
W 0 37000 29000 44000 29000 44000 11000;
5 10 8 0 0 0;
W 0 30000 22000 30000 18000 30000 13000 30000 8000 30000 6000;
5 10 9 0 0 0;
W 0 4000 21000 4000 18000 4000 12000;
5 10 8 0 0 0;
W 0 33000 18000 30000 18000;
5 10 5 0 0 0;
W 0 22000 3000 22000 6000 22000 10000 22000 16000;
5 10 8 0 0 0;
W 0 30000 13000 40000 13000;
5 10 5 0 0 0;
W 0 8000 10000 22000 10000;
5 10 7 0 0 0;
W 0 40000 9000 40000 4000 46000 4000;
5 10 6 0 0 0;
W 0 4000 8000 4000 3000;
5 10 5 0 0 0;
W 0 18000 1000 18000 6000 22000 6000;
5 10 4 0 0 0;
W 0 34000 4000 37000 4000;
5 10 3 0 0 0;
W 0 -20000 -9000 -23000 -9000;
5 10 1 0 0 0;
W 0 -8000 -11000 -8000 -15000;
5 10 1 0 0 0;
W 0 4000 -1000 4000 -15000;
5 10 2 0 0 0;
W 0 22000 -1000 22000 -4000 22000 -7000;
5 10 2 0 0 0;
W 0 18000 -9000 18000 -4000 22000 -4000;
5 10 1 0 0 0;
W 0 22000 -11000 22000 -15000;
5 10 1 0 0 0;
W 0 14000 -11000 14000 -15000;
L NAME;
5 16 M 2 11;
94 <<M2>> -19650 20350 0 1700 1400;
5 16 M 3 11;
94 <<M3>> -7650 20350 0 1700 1400;
5 16 C 0 11;
94 <<C0>> -7050 5300 0 1700 1400;
5 16 M 5 11;
94 <<M5>> 350 25350 0 1700 1400;
5 16 M 4 11;
94 <<M4>> 24350 21350 0 1700 1400;
5 16 M 6 11;
94 <<M6>> 10350 20350 0 1700 1400;
5 16 M 7 11;
94 <<M7>> 18350 20350 0 1700 1400;
5 16 M 8 11;
94 <<M8>> 33350 20350 0 1700 1400;
5 16 M 9 11;
94 <<M9>> 40350 13350 0 1700 1400;
5 16 M 10 11;
94 <<M10>> 4350 12350 0 2200 1400;
5 16 M 11 11;
94 <<M11>> 30350 6350 0 1900 1400;
5 16 M 0 11;
94 <<M0>> 350 3350 0 1700 1400;
5 16 M 1 11;
94 <<M1>> 18350 3350 0 1400 1400;
5 16 M 12 11;
94 <<M12>> -19650 -6650 0 2200 1400;
5 16 M 13 11;
94 <<M13>> -7650 -6650 0 2200 1400;
5 16 M 14 11;
94 <<M14>> 10350 -6650 0 2200 1400;
5 16 M 15 11;
94 <<M15>> 18350 -6650 0 2200 1400;
5 16 M 16 11;
94 <<M16>> 33350 -6650 0 2200 1400;
L MODL;
5 16 M 0 1;
94 <<m1>> 4250 -750 0 1400 1400;
5 16 M 2 1;
94 <<m1>> -17750 14250 0 1400 1400;
5 16 M 3 1;
94 <<m1>> -5750 14250 0 1400 1400;
5 16 M 4 1;
94 <<m1>> 28250 20250 0 1400 1400;
5 16 M 5 1;
94 <<m1>> 2250 19250 0 1400 1400;
5 16 M 6 1;
94 <<m1>> 12250 14250 0 1400 1400;
5 16 M 7 1;
94 <<m1>> 20250 14250 0 1400 1400;
5 16 M 8 1;
94 <<m1>> 35250 14250 0 1400 1400;
5 16 M 9 1;
94 <<m1>> 42250 7250 0 1400 1400;
5 16 M 10 1;
94 <<m1>> 6250 6250 0 1400 1400;
5 16 M 11 1;
94 <<m1>> 32250 250 0 1400 1400;
5 16 M 12 1;
94 <<m1>> -17750 -12750 0 1400 1400;
5 16 M 13 1;
94 <<m1>> -5750 -12750 0 1400 1400;
5 16 M 1 1;
94 <<m1>> 20250 -2750 0 1400 1400;
5 16 M 14 1;
94 <<m1>> 12250 -12750 0 1400 1400;
5 16 M 15 1;
94 <<m1>> 20250 -12750 0 1400 1400;
5 16 M 16 1;
94 <<m1>> 35250 -12750 0 1400 1400;
L VALU;
5 16 C 0 2;
94 <<40p>> -650 7050 0 2500 1400;
L INIT;
5 16 M 5 3;
94 <<w=12.7u  l=45.2u>> -2650 26850 0 10800 1400;
5 16 M 11 3;
94 <<w=381u   l=25.4u>> 24350 -1150 0 11400 1400;
5 16 M 0 3;
94 <<w=270.5u l=12.7u>> -2650 -5150 0 10800 1400;
5 16 M 13 3;
94 <<w=241.3u l=12.7u>> -7650 -14150 0 10500 1400;
5 16 M 3 3;
94 <<w=254u   l=12.7u>> -13650 21850 0 11400 1400;
5 16 M 2 3;
94 <<w=12.7u  l=106.7u>> -21650 12850 0 11300 1400;
5 16 M 4 3;
94 <<w=38.1u  l=42.7u>> 24350 26850 0 10800 1400;
5 16 M 6 3;
94 <<w=139.7u l=12.7u>> 8350 22850 0 10500 1400;
5 16 M 8 3;
94 <<w=19u    l=38.1u>> 30350 14850 0 11900 1400;
5 16 M 7 3;
94 <<w=12.7u  l=207.8u>> 16350 12850 0 11600 1400;
5 16 M 1 3;
94 <<w=54.1u  l=12.7u>> 16350 6850 0 10500 1400;
5 16 M 9 3;
94 <<w=22.9u  l=7.6u>> 40350 5850 0 10300 1400;
5 16 M 10 3;
94 <<w=270.5u l=12.7u>> 4350 4850 0 10800 1400;
5 16 M 12 3;
94 <<w=88.9u  l=12.7u>> -22650 -14150 0 11600 1400;
5 16 M 15 3;
94 <<w=54.1u  l=12.7u>> 17350 -14150 0 10500 1400;
5 16 M 14 3;
94 <<w=139.7u l=12.7u>> 6350 -14150 0 10500 1400;
5 16 M 16 3;
94 <<w=406.4u l=12.7u>> 30350 -14150 0 11600 1400;
DF;
E
