# Xic Default Fillpatterns
# Created Wed Sep 25 03:59:05 2002 GMT
0 55 aa 55 aa 55 aa 55 aa
1 aa 55 aa 55 aa 55 aa 55
2 88 44 22 11 88 44 22 11
3 11 22 44 88 11 22 44 88
4 80 40 20 10 08 04 02 01
5 01 02 04 08 10 20 40 80
6 81 c0 60 30 18 0c 06 03
7 81 03 06 0c 18 30 60 c0
8 c1 e0 70 38 1c 0e 07 83
9 83 07 0e 1c 38 70 e0 c1
10 c3 e1 f0 78 3c 1e 0f 87
11 c3 87 0f 1e 3c 78 f0 e1
12 8000 4000 2000 1000 0800 0400 0200 0100 0080 0040 0020 0010 0008 0004 0002 0001
13 0001 0002 0004 0008 0010 0020 0040 0080 0100 0200 0400 0800 1000 2000 4000 8000
14 0101 8080 4040 2020 1010 0808 0404 0202 0101 8080 4040 2020 1010 0808 0404 0202
15 0101 0202 0404 0808 1010 2020 4040 8080 0101 0202 0404 0808 1010 2020 4040 8080
16 81 42 24 18 18 24 42 81
17 81 42 3c 24 24 3c 42 81
18 00 00 3c 24 24 3c 00 00
19 00 7e 7e 66 66 7e 7e 00
20 00 7e 42 42 42 42 7e 00
21 00 7e 42 5a 5a 42 7e 00
22 81 7e 66 42 42 66 7e 81
23 00 3c 66 42 42 66 3c 00
24 00 00 18 24 24 18 00 00
25 81 42 18 24 24 18 42 81
26 00 00 18 3c 3c 18 00 00
27 00 00 00 18 18 00 00 00
28 00 66 66 00 00 66 66 00
29 00 44 22 00 00 44 22 00
30 00 60 06 00 00 60 06 00
31 00 60 00 06 00 60 00 06
32 01 01 01 01 01 01 01 01
33 00 00 00 00 00 00 00 ff
34 11 11 11 11 11 11 11 11
35 00 00 00 ff 00 00 00 ff
36 55 55 55 55 55 55 55 55
37 00 ff 00 ff 00 ff 00 ff
38 22 22 ff 22 22 22 ff 22
39 04 04 04 04 04 ff 04 04
40 80 80 80 f8 08 08 08 8f
41 01 01 01 1f 10 10 10 f1
42 00 00 00 10 28 44 82 01
43 02 04 08 10 08 04 02 01
44 12 21 21 21 21 12 12 12
45 c3 3c 00 00 3c c3 00 00
46 00 11 00 44 00 11 00 44
47 50 22 50 00 05 22 05 00
48 91 18 24 43 c2 24 18 89
49 11 12 24 c8 13 24 48 88
50 42 81 3c 42 42 3c 81 42
51 90 48 28 91 62 02 0e 11
52 81 42 24 24 00 3c 42 81
53 89 4a 26 10 08 64 52 91
54 44 28 93 82 82 93 28 44
55 81 42 24 42 99 24 42 81
56 2a 29 c4 03 c0 23 94 54
57 08 78 40 40 cf 08 08 08
58 00 42 00 24 00 42 00 00
59 88 44 02 11 88 40 22 11
60 3e 40 9c a2 aa a2 9c 01
61 01 39 27 20 20 27 39 01
62 55 00 82 10 82 00 55 00
63 00 40 3e 15 14 14 32 00
